w =

   -2.0000
   -1.2746
    1.2902
   -1.5005
   -1.4082
rate = 1
w =

   -0.5000
   -0.3186
    0.3226
   -0.3751
   -0.3520
rate = 0.25
w =

   -4.0000
   -2.5492
    2.5805
   -3.0010
   -2.8163
rate = 2


classifier_err =

    0.0080
    0.0070
    0.0265
    0.0265
    0.0240
    0.0260
    0.0210
    0.0300
    0.0470
    0.0385

test_err_LR =

    0.1155
test_error_SR =

    0.1085
